0.668088018810296 -0.7049594985008496
1.8812979737686324 0.2633228750151564
-0.9995425007306205 1.8736685904515058
0.20933029052735908 0.5994958549190512
-0.4129764367315478 1.07563134185142
-0.6306456209248088 -0.05345310698181116
-0.2549591544893164 1.059502783044751
0.382242908172191 1.5038770156921188
0.5870698969226797 -0.9451351679674245
1.1552669360134278 1.2504329448349023
0.6767780576131792 1.9665832667194842
1.740878001587038 1.2444969631395182
-0.18219100107393027 -0.15866802380678457
2.5124697455637817 1.3678379853544653
-0.8904496272082953 -0.6903219802670739
1.681870040713609 0.3436805785277155
0.6692192094685079 1.7257865092792866
1.2347593137830066 -0.1191575548789614
-0.43845224561906493 -0.13667398424095367
-0.20759404366048484 -0.609914283645167
2.2029782747021467 -0.9418991263891088
2.87304630287759 1.036506598819673
0.25369671263697136 -0.3651156519998229
1.7692904626772563 -0.20336002188332136
2.5055566091841532 0.47471947784101487
2.5784266540153893 -0.8399123646487587
-0.6598231545208884 0.7223528164760391
-0.8437808670684706 -0.5598142752825694
-0.3206783217417244 0.7679166107098527
2.5125700137176525 1.0992750800627933
5.409337715311303 0.45898389181350074
6.656223951278273 3.797957034828285
7.77760063091098 1.799648533919762
6.656717078107611 2.313558457548527
5.199813835784349 1.6325472110451247
7.143585623662046 0.9481079209721108
7.655178580879156 3.613518082249015
7.059556448233234 2.2947179466891434
8.778379023963254 0.01148130812463588
7.346220162007972 2.4685796544828955
8.613607661151534 1.3065796070883846
5.54989881658495 2.108232409030437
5.557105389003034 3.543768397243098
8.229565154838095 1.429079040009999
6.590707347942134 3.634140603679197
5.661416788467731 2.493440463167211
8.710034321584136 0.06328497138622513
6.391063438982027 3.717748934975045
8.003248412544622 2.763587670067696
7.903991941401806 3.989291401805922
8.533224364823239 0.6893620333813142
7.4946888282224355 0.548542998515511
8.003769736109348 3.7303818521486543
6.395593367911371 2.7872726459596007
6.079711567060104 0.26400069088824996
8.583544872784268 3.0218522104098655
6.71236475948518 3.0155047538449855
8.859360188593541 3.6920981421859334
7.653765991273792 2.846099034513887
7.486782880836487 0.4970838478886588
1.0795205353591824 4.287897118757947
1.1048439475108771 7.869105320001088
1.1132259520831784 6.2724018476797685
1.9848442704121836 4.813172938643962
4.440111794731552 5.009302978281294
3.1553242573666114 6.975303416300372
3.2112879147430635 4.781717924437276
4.368123569438422 6.325435709093031
1.4966932604796446 7.880079956353249
2.116734716044558 7.387315205960141
3.3430370858331515 4.959391036590345
4.878382993278699 5.975078857074919
3.24412087702284 6.479822873525519
1.074589157491772 7.315923598200715
4.202530690722465 4.6271655785843375
1.9318970953640817 4.074304808709638
4.2284207824751165 4.280088574876889
2.551442576256687 5.945380443748127
4.454167418237715 6.425317846613321
3.9884865709487385 6.275405748345925
3.2249609359616755 5.269449637288643
1.54582090264274 7.954464617649796
1.2396707580488466 6.318980876983188
1.4853738229629494 5.520564690494202
1.178207514179047 6.203792876471587
1.4299765164243716 6.981337723626009
1.9028373544314188 6.676931573812738
3.8519559215307067 5.059678230651238
3.2388679282165698 4.265339337713766
1.0502239206364634 5.480336791656425
