2.0 3.4359949021420038
2.163265306122449 3.232087002718262
2.326530612244898 3.941656383714354
2.489795918367347 3.996005937289084
2.6530612244897958 4.134933837708104
2.816326530612245 4.185749615849759
2.979591836734694 4.189260851968252
3.142857142857143 4.722529999592113
3.3061224489795915 4.511901549168442
3.4693877551020407 4.579135435006622
3.63265306122449 5.025185202981752
3.7959183673469385 5.017128742719903
3.9591836734693877 4.699124689496983
4.122448979591836 5.147669420081973
4.285714285714286 4.881377643582229
4.448979591836734 5.5386850921676105
4.612244897959183 5.65752978663242
4.775510204081632 5.341981131349153
4.938775510204081 5.73264402480125
5.1020408163265305 4.998351536986266
5.26530612244898 5.450974035155584
5.428571428571429 5.03252611887651
5.591836734693877 5.4114347549748505
5.755102040816326 5.090529813296421
5.918367346938775 5.126493538283346
6.081632653061225 5.596078875560664
6.244897959183673 5.220010898240044
6.408163265306122 5.090258111687444
6.571428571428571 5.1875458215601915
6.73469387755102 5.29555423003718
6.897959183673469 5.386493544559505
7.061224489795918 5.087825765708747
7.224489795918367 5.4881510191821405
7.387755102040816 5.286624329544683
7.551020408163265 5.258586664369486
7.7142857142857135 5.083830429053873
7.877551020408163 5.427728753257805
8.040816326530612 5.1445489230298564
8.204081632653061 4.650285246945178
8.367346938775508 5.104803716819614
8.53061224489796 5.27685923999301
8.693877551020407 4.712255236664137
8.857142857142858 4.992779097187594
9.020408163265305 4.326225870601521
9.183673469387754 4.422558922473595
9.346938775510203 4.142111998916726
9.510204081632653 3.9974308076976066
9.673469387755102 4.168553090832746
9.83673469387755 3.741764944388027
10.0 3.9537422269448665
6.0 4.544208160148102
6.163265306122449 3.875934151384654
6.326530612244898 3.974348495839375
6.489795918367347 4.290166959333695
6.653061224489796 3.6917090074273355
6.816326530612245 3.1717875710489647
6.979591836734694 3.2625650210669432
7.142857142857142 2.9638853374955065
7.3061224489795915 3.7816051359273533
7.469387755102041 3.6582721534734186
7.63265306122449 3.39620698092013
7.795918367346939 3.1138304729626034
7.959183673469388 3.2004151162996317
8.122448979591837 2.5351341477679514
8.285714285714285 2.5960854538841263
8.448979591836734 2.770716930949427
8.612244897959183 2.553069787129828
8.775510204081632 2.197934671278175
8.938775510204081 3.0970709059134314
9.10204081632653 2.522648859377642
9.26530612244898 2.5582724943452724
9.428571428571429 2.356301703045067
9.591836734693878 2.276432325369676
9.755102040816325 2.392890987684954
9.918367346938776 2.8326833330524326
10.081632653061224 2.7374134897050446
10.244897959183673 2.3852116693058285
10.408163265306122 2.0297049093170894
10.571428571428571 2.830165324542962
10.73469387755102 2.323660852562421
10.897959183673468 2.66397882855183
11.061224489795919 2.1394684024059116
11.224489795918366 2.8144577253010996
11.387755102040817 2.5839689318803503
11.551020408163264 2.7437238543835747
11.714285714285714 2.7179680594393734
11.877551020408163 2.716780602485413
12.040816326530612 2.9864331611723696
12.204081632653061 3.484924041431961
12.367346938775508 2.7087248450256136
12.53061224489796 3.0009503685259586
12.693877551020407 2.8295508343213895
12.857142857142858 3.6351407253794523
13.020408163265305 3.672900169728633
13.183673469387754 3.3592209515540685
13.346938775510203 3.7021874045747207
13.510204081632653 4.083158389477387
13.673469387755102 4.269487420879796
13.83673469387755 3.9643163625934
14.0 4.881652235748549
